0.000000	0.000000	0.000000	1.000000	0.000119	1.002567	0.000123
8.666667	0.000000	0.000000	0.999980	0.006322	1.002538	0.006537
17.333333	0.000000	0.000000	0.999921	0.012525	1.002453	0.012949
26.000000	0.000000	0.000000	0.999824	0.018727	1.002312	0.019357
34.666667	0.000000	0.000000	0.999689	0.024929	1.002117	0.025761
43.333333	0.000000	0.000000	0.999516	0.031129	1.001867	0.032158
52.000000	0.000000	0.000000	0.999305	0.037329	1.001562	0.038547
60.666667	0.000000	0.000000	0.999055	0.043527	1.001205	0.044926
69.333333	0.000000	0.000000	0.998767	0.049724	1.000794	0.051294
78.000000	0.000000	0.000000	0.998440	0.055918	1.000331	0.057649
86.666667	0.000000	0.000000	0.998076	0.062111	0.999818	0.063990
95.333333	0.000000	0.000000	0.997673	0.068302	0.999254	0.070316
104.000000	0.000000	0.000000	0.997232	0.074490	0.998641	0.076626
112.666667	0.000000	0.000000	0.996753	0.080676	0.997980	0.082918
121.333333	0.000000	0.000000	0.996235	0.086858	0.997273	0.089192
130.000000	0.000000	0.000000	0.995679	0.093038	0.996520	0.095446
138.666667	0.000000	0.000000	0.995085	0.099214	0.995724	0.101680
147.333333	0.000000	0.000000	0.994453	0.105386	0.994885	0.107893
156.000000	0.000000	0.000000	0.993782	0.111555	0.994004	0.114085
164.666667	0.000000	0.000000	0.993074	0.117719	0.993084	0.120255
173.333333	0.000000	0.000000	0.992327	0.123879	0.992126	0.126402
182.000000	0.000000	0.000000	0.991542	0.130035	0.991130	0.132526
190.666667	0.000000	0.000000	0.990718	0.136186	0.990100	0.138628
199.333333	0.000000	0.000000	0.989857	0.142332	0.989036	0.144707
208.000000	0.000000	0.000000	0.988957	0.148472	0.987940	0.150763
216.666667	0.000000	0.000000	0.988019	0.154607	0.986813	0.156797
225.333333	0.000000	0.000000	0.987044	0.160737	0.985657	0.162809
234.000000	0.000000	0.000000	0.986030	0.166860	0.984473	0.168800
242.666667	0.000000	0.000000	0.984978	0.172977	0.983262	0.174769
251.333333	0.000000	0.000000	0.983887	0.179088	0.982026	0.180718
260.000000	0.000000	0.000000	0.982759	0.185192	0.980767	0.186648
268.666667	0.000000	0.000000	0.981593	0.191289	0.979485	0.192560
277.333333	0.000000	0.000000	0.980389	0.197378	0.978180	0.198455
286.000000	0.000000	0.000000	0.979147	0.203460	0.976855	0.204333
294.666667	0.000000	0.000000	0.977867	0.209535	0.975510	0.210197
303.333333	0.000000	0.000000	0.976549	0.215601	0.974146	0.216048
312.000000	0.000000	0.000000	0.975194	0.221659	0.972763	0.221886
320.666667	0.000000	0.000000	0.973801	0.227709	0.971361	0.227715
329.333333	0.000000	0.000000	0.972370	0.233750	0.969940	0.233534
338.000000	0.000000	0.000000	0.970901	0.239782	0.968501	0.239347
346.666667	0.000000	0.000000	0.969395	0.245805	0.967044	0.245153
355.333333	0.000000	0.000000	0.967851	0.251818	0.965567	0.250955
364.000000	0.000000	0.000000	0.966270	0.257821	0.964071	0.256754
372.666667	0.000000	0.000000	0.964651	0.263814	0.962555	0.262551
381.333333	0.000000	0.000000	0.962995	0.269797	0.961018	0.268348
390.000000	0.000000	0.000000	0.961302	0.275770	0.959459	0.274146
398.666667	0.000000	0.000000	0.959572	0.281732	0.957877	0.279946
407.333333	0.000000	0.000000	0.957805	0.287682	0.956271	0.285749
416.000000	0.000000	0.000000	0.956000	0.293622	0.954640	0.291555
424.666667	0.000000	0.000000	0.954159	0.299550	0.952982	0.297365
433.333333	0.000000	0.000000	0.952281	0.305466	0.951295	0.303181
442.000000	0.000000	0.000000	0.950366	0.311371	0.949580	0.309001
450.666667	0.000000	0.000000	0.948415	0.317263	0.947833	0.314827
459.333333	0.000000	0.000000	0.946427	0.323142	0.946054	0.320659
468.000000	0.000000	0.000000	0.944403	0.329010	0.944242	0.326496
476.666667	0.000000	0.000000	0.942342	0.334864	0.942393	0.332339
485.333333	0.000000	0.000000	0.940245	0.340705	0.940509	0.338186
494.000000	0.000000	0.000000	0.938112	0.346533	0.938586	0.344038
502.666667	0.000000	0.000000	0.935943	0.352347	0.936624	0.349895
511.333333	0.000000	0.000000	0.933738	0.358147	0.934621	0.355755
520.000000	0.000000	0.000000	0.931497	0.363934	0.932575	0.361617
528.666667	0.000000	0.000000	0.929220	0.369706	0.930487	0.367482
537.333333	0.000000	0.000000	0.926908	0.375464	0.928354	0.373348
546.000000	0.000000	0.000000	0.924560	0.381207	0.926176	0.379213
554.666667	0.000000	0.000000	0.922176	0.386936	0.923952	0.385078
563.333333	0.000000	0.000000	0.919758	0.392649	0.921680	0.390940
572.000000	0.000000	0.000000	0.917304	0.398347	0.919359	0.396799
580.666667	0.000000	0.000000	0.914815	0.404030	0.916990	0.402653
589.333333	0.000000	0.000000	0.912291	0.409697	0.914571	0.408501
598.000000	0.000000	0.000000	0.909732	0.415348	0.912102	0.414341
606.666667	0.000000	0.000000	0.907138	0.420983	0.909582	0.420172
615.333333	0.000000	0.000000	0.904510	0.426602	0.907010	0.425993
624.000000	0.000000	0.000000	0.901847	0.432204	0.904388	0.431801
632.666667	0.000000	0.000000	0.899150	0.437790	0.901714	0.437595
641.333333	0.000000	0.000000	0.896418	0.443359	0.898988	0.443374
650.000000	0.000000	0.000000	0.893652	0.448911	0.896210	0.449136
658.666667	0.000000	0.000000	0.890852	0.454445	0.893381	0.454879
667.333333	0.000000	0.000000	0.888017	0.459962	0.890501	0.460602
676.000000	0.000000	0.000000	0.885149	0.465462	0.887570	0.466303
684.666667	0.000000	0.000000	0.882247	0.470943	0.884588	0.471981
693.333333	0.000000	0.000000	0.879311	0.476407	0.881557	0.477633
702.000000	0.000000	0.000000	0.876342	0.481852	0.878477	0.483259
710.666667	0.000000	0.000000	0.873339	0.487279	0.875349	0.488857
719.333333	0.000000	0.000000	0.870302	0.492688	0.872174	0.494425
728.000000	0.000000	0.000000	0.867232	0.498077	0.868952	0.499963
736.666667	0.000000	0.000000	0.864129	0.503448	0.865686	0.505468
745.333333	0.000000	0.000000	0.860993	0.508799	0.862376	0.510941
754.000000	0.000000	0.000000	0.857824	0.514131	0.859023	0.516379
762.666667	0.000000	0.000000	0.854622	0.519444	0.855629	0.521782
771.333333	0.000000	0.000000	0.851388	0.524736	0.852196	0.527148
780.000000	0.000000	0.000000	0.848120	0.530009	0.848724	0.532478
788.666667	0.000000	0.000000	0.844820	0.535261	0.845216	0.537770
797.333333	0.000000	0.000000	0.841488	0.540493	0.841672	0.543024
806.000000	0.000000	0.000000	0.838123	0.545705	0.838095	0.548240
814.666667	0.000000	0.000000	0.834726	0.550896	0.834487	0.553417
823.333333	0.000001	0.000000	0.831297	0.556065	0.830847	0.558555
832.000000	0.000001	0.000000	0.827835	0.561214	0.827180	0.563654
840.666667	0.000001	0.000000	0.824342	0.566341	0.823485	0.568714
849.333333	0.000001	0.000000	0.820818	0.571447	0.819764	0.573735
858.000000	0.000001	0.000000	0.817261	0.576531	0.816020	0.578718
866.666667	0.000001	0.000000	0.813673	0.581593	0.812253	0.583663
875.333333	0.000001	0.000000	0.810053	0.586632	0.808465	0.588571
884.000000	0.000001	0.000000	0.806403	0.591650	0.804658	0.593442
892.666667	0.000001	0.000000	0.802721	0.596645	0.800832	0.598276
901.333333	0.000001	0.000000	0.799008	0.601617	0.796989	0.603076
910.000000	0.000001	0.000000	0.795264	0.606565	0.793131	0.607842
918.666667	0.000001	0.000000	0.791489	0.611491	0.789258	0.612575
927.333333	0.000001	0.000000	0.787684	0.616394	0.785371	0.617277
936.000000	0.000001	0.000000	0.783848	0.621272	0.781471	0.621947
944.666667	0.000001	0.000000	0.779982	0.626127	0.777559	0.626589
953.333333	0.000001	0.000000	0.776085	0.630958	0.773635	0.631203
962.000000	0.000001	0.000000	0.772159	0.635765	0.769701	0.635791
970.666667	0.000001	0.000000	0.768203	0.640547	0.765755	0.640354
979.333333	0.000001	0.000000	0.764216	0.645304	0.761799	0.644893
988.000000	0.000001	0.000000	0.760201	0.650037	0.757832	0.649411
996.666667	0.000001	0.000000	0.756155	0.654745	0.753853	0.653909
1005.333333	0.000001	0.000000	0.752081	0.659427	0.749864	0.658387
1014.000000	0.000001	0.000000	0.747977	0.664084	0.745863	0.662849
1022.666667	0.000001	0.000000	0.743844	0.668715	0.741849	0.667294
1031.333333	0.000001	0.000000	0.739683	0.673321	0.737823	0.671724
1040.000000	0.000001	0.000000	0.735493	0.677900	0.733782	0.676141
1048.666667	0.000001	0.000000	0.731275	0.682453	0.729725	0.680545
1057.333333	0.000001	0.000000	0.727028	0.686980	0.725653	0.684938
1066.000000	0.000001	0.000000	0.722753	0.691480	0.721563	0.689320
1074.666667	0.000001	0.000000	0.718450	0.695953	0.717454	0.693691
1083.333333	0.000001	0.000000	0.714120	0.700400	0.713325	0.698053
1092.000000	0.000001	0.000000	0.709762	0.704819	0.709174	0.702405
1100.666667	0.000001	0.000000	0.705376	0.709211	0.705000	0.706748
1109.333333	0.000001	0.000000	0.700964	0.713575	0.700801	0.711082
1118.000000	0.000001	0.000000	0.696525	0.717912	0.696577	0.715407
1126.666667	0.000001	0.000000	0.692058	0.722221	0.692326	0.719722
1135.333333	0.000001	0.000000	0.687566	0.726502	0.688045	0.724027
1144.000000	0.000001	0.000000	0.683046	0.730754	0.683735	0.728322
1152.666667	0.000001	0.000000	0.678501	0.734979	0.679394	0.732606
1161.333333	0.000001	0.000000	0.673930	0.739175	0.675020	0.736879
1170.000000	0.000001	0.000000	0.669332	0.743342	0.670612	0.741139
1178.666667	0.000001	0.000000	0.664710	0.747481	0.666170	0.745386
1187.333333	0.000001	0.000000	0.660061	0.751591	0.661692	0.749618
1196.000000	0.000001	0.000000	0.655388	0.755671	0.657177	0.753835
1204.666667	0.000001	0.000000	0.650689	0.759723	0.652625	0.758036
1213.333333	0.000001	0.000000	0.645966	0.763745	0.648035	0.762218
1222.000000	0.000001	0.000000	0.641218	0.767738	0.643407	0.766382
1230.666667	0.000001	0.000000	0.636445	0.771701	0.638738	0.770525
1239.333333	0.000001	0.000000	0.631649	0.775634	0.634030	0.774647
1248.000000	0.000001	0.000000	0.626828	0.779537	0.629282	0.778745
1256.666667	0.000001	0.000000	0.621983	0.783410	0.624494	0.782819
1265.333333	0.000001	0.000000	0.617114	0.787254	0.619664	0.786867
1274.000000	0.000001	0.000000	0.612222	0.791066	0.614794	0.790887
1282.666667	0.000001	0.000000	0.607307	0.794849	0.609883	0.794878
1291.333333	0.000001	0.000000	0.602369	0.798601	0.604932	0.798839
1300.000000	0.000001	0.000000	0.597407	0.802322	0.599941	0.802767
1308.666667	0.000001	0.000000	0.592423	0.806012	0.594909	0.806662
1317.333333	0.000001	0.000000	0.587416	0.809672	0.589838	0.810522
1326.000000	0.000001	0.000000	0.582387	0.813300	0.584728	0.814344
1334.666667	0.000001	0.000000	0.577336	0.816897	0.579580	0.818129
1343.333333	0.000001	0.000000	0.572263	0.820463	0.574395	0.821874
1352.000000	0.000001	0.000000	0.567168	0.823998	0.569173	0.825578
1360.666667	0.000001	0.000000	0.562051	0.827501	0.563916	0.829240
1369.333333	0.000001	0.000000	0.556913	0.830972	0.558624	0.832858
1378.000000	0.000001	0.000000	0.551753	0.834412	0.553299	0.836431
1386.666667	0.000001	0.000000	0.546573	0.837819	0.547942	0.839958
1395.333333	0.000001	0.000000	0.541372	0.841195	0.542555	0.843439
1404.000000	0.000001	0.000000	0.536149	0.844538	0.537139	0.846871
1412.666667	0.000001	0.000000	0.530907	0.847850	0.531695	0.850255
1421.333333	0.000001	0.000001	0.525644	0.851128	0.526226	0.853590
1430.000000	0.000001	0.000001	0.520361	0.854375	0.520732	0.856874
1438.666667	0.000001	0.000001	0.515058	0.857588	0.515216	0.860108
1447.333333	0.000001	0.000001	0.509735	0.860769	0.509679	0.863291
1456.000000	0.000001	0.000001	0.504392	0.863918	0.504123	0.866424
1464.666667	0.000002	0.000001	0.499030	0.867033	0.498550	0.869505
1473.333333	0.000002	0.000001	0.493649	0.870115	0.492961	0.872536
