0	0.000000	17.358922	0.000000	17.358922
1	0.009766	17.506943	-1.529953	17.573668
2	0.019531	17.968175	-3.152737	18.242672
3	0.029297	18.799478	-4.980611	19.448055
4	0.039063	20.116825	-7.173878	21.357696
5	0.048828	22.142717	-9.996161	24.294509
6	0.058594	25.324704	-13.943607	28.909597
7	0.068359	30.676491	-20.110043	36.680525
8	0.078125	41.035416	-31.527300	51.748198
9	0.087891	68.407448	-60.987617	91.646431
10	0.097656	324.945697	-334.415577	466.286912
11	0.107422	-93.797437	111.325732	145.572587
12	0.117188	-36.704970	50.421800	62.366760
13	0.126953	-20.941161	33.600022	39.591586
14	0.136719	-13.489511	25.708243	29.032407
15	0.146484	-9.070452	21.135721	22.999822
16	0.156250	-6.059966	18.171036	19.154888
17	0.166016	-3.779868	16.119979	16.557207
18	0.175781	-1.879287	14.653145	14.773164
19	0.185547	-0.132550	13.602727	13.603373
20	0.195313	1.653312	12.888968	12.994573
21	0.205078	3.712974	12.498511	13.038364
22	0.214844	6.449496	12.503104	14.068532
23	0.224609	10.808528	13.169289	17.036855
24	0.234375	20.019998	15.517599	25.329749
25	0.244141	58.706583	27.527293	64.839916
26	0.253906	-94.593155	-22.774613	97.296187
27	0.263672	-28.565277	-1.756180	28.619211
28	0.273438	-17.407254	1.481069	17.470147
29	0.283203	-12.725226	2.653867	12.999015
30	0.292969	-10.116279	3.186902	10.606387
31	0.302734	-8.436788	3.446979	9.113784
32	0.312500	-7.256527	3.569977	8.087145
33	0.322266	-6.376910	3.617186	7.331372
34	0.332031	-5.693289	3.619912	6.746652
35	0.341797	-5.145106	3.595566	6.276959
36	0.351563	-4.694776	3.554439	5.888545
37	0.361328	-4.317670	3.502897	5.559907
38	0.371094	-3.996931	3.445011	5.276699
39	0.380859	-3.720604	3.383451	5.028979
40	0.390625	-3.479957	3.320002	4.809627
41	0.400391	-3.268450	3.255870	4.613399
42	0.410156	-3.081076	3.191876	4.436339
43	0.419922	-2.913937	3.128578	4.275398
44	0.429688	-2.763944	3.066354	4.128185
45	0.439453	-2.628614	3.005453	3.992788
46	0.449219	-2.505929	2.946037	3.867663
47	0.458984	-2.394231	2.888202	3.751540
48	0.468750	-2.292139	2.832000	3.643367
49	0.478516	-2.198499	2.777449	3.542263
50	0.488281	-2.112335	2.724546	3.447479
51	0.498047	-2.032815	2.673270	3.358379
52	0.507813	-1.959227	2.623588	3.274414
53	0.517578	-1.890958	2.575462	3.195110
54	0.527344	-1.827476	2.528844	3.120052
55	0.537109	-1.768317	2.483689	3.048878
56	0.546875	-1.713075	2.439944	2.981267
57	0.556641	-1.661393	2.397560	2.916937
58	0.566406	-1.612955	2.356486	2.855635
59	0.576172	-1.567482	2.316671	2.797135
60	0.585938	-1.524725	2.278068	2.741237
61	0.595703	-1.484462	2.240627	2.687757
62	0.605469	-1.446495	2.204303	2.636532
63	0.615234	-1.410643	2.169052	2.587412
64	0.625000	-1.376748	2.134830	2.540262
65	0.634766	-1.344662	2.101596	2.494959
66	0.644531	-1.314255	2.069310	2.451390
67	0.654297	-1.285407	2.037936	2.409451
68	0.664063	-1.258010	2.007436	2.369048
69	0.673828	-1.231965	1.977777	2.330094
70	0.683594	-1.207180	1.948925	2.292508
71	0.693359	-1.183574	1.920849	2.256216
72	0.703125	-1.161070	1.893519	2.221148
73	0.712891	-1.139600	1.866907	2.187242
74	0.722656	-1.119097	1.840984	2.154438
75	0.732422	-1.099505	1.815726	2.122680
76	0.742188	-1.080768	1.791107	2.091918
77	0.751953	-1.062835	1.767103	2.062104
78	0.761719	-1.045661	1.743693	2.033193
79	0.771484	-1.029202	1.720854	2.005142
80	0.781250	-1.013417	1.698566	1.977913
81	0.791016	-0.998270	1.676809	1.951469
82	0.800781	-0.983726	1.655565	1.925776
83	0.810547	-0.969752	1.634816	1.900801
84	0.820313	-0.956319	1.614544	1.876513
85	0.830078	-0.943399	1.594733	1.852883
86	0.839844	-0.930964	1.575368	1.829885
87	0.849609	-0.918992	1.556433	1.807493
88	0.859375	-0.907457	1.537915	1.785682
89	0.869141	-0.896340	1.519799	1.764430
90	0.878906	-0.885619	1.502072	1.743715
91	0.888672	-0.875276	1.484722	1.723516
92	0.898438	-0.865293	1.467737	1.703815
93	0.908203	-0.855654	1.451105	1.684591
94	0.917969	-0.846341	1.434815	1.665829
95	0.927734	-0.837341	1.418856	1.647511
96	0.937500	-0.828639	1.403219	1.629622
97	0.947266	-0.820223	1.387893	1.612145
98	0.957031	-0.812079	1.372869	1.595068
99	0.966797	-0.804196	1.358138	1.578376
100	0.976563	-0.796562	1.343692	1.562056
101	0.986328	-0.789168	1.329521	1.546096
102	0.996094	-0.782003	1.315618	1.530483
103	1.005859	-0.775057	1.301976	1.515207
104	1.015625	-0.768322	1.288586	1.500257
105	1.025391	-0.761788	1.275441	1.485622
106	1.035156	-0.755449	1.262536	1.471292
107	1.044922	-0.749296	1.249862	1.457258
108	1.054688	-0.743322	1.237414	1.443510
109	1.064453	-0.737520	1.225186	1.430041
110	1.074219	-0.731883	1.213171	1.416841
111	1.083984	-0.726406	1.201364	1.403902
112	1.093750	-0.721081	1.189759	1.391217
113	1.103516	-0.715904	1.178351	1.378779
114	1.113281	-0.710869	1.167135	1.366579
115	1.123047	-0.705971	1.156106	1.354612
116	1.132813	-0.701204	1.145258	1.342871
117	1.142578	-0.696564	1.134588	1.331350
118	1.152344	-0.692047	1.124091	1.320041
119	1.162109	-0.687649	1.113762	1.308941
120	1.171875	-0.683364	1.103597	1.298042
121	1.181641	-0.679189	1.093593	1.287340
122	1.191406	-0.675121	1.083745	1.276829
123	1.201172	-0.671156	1.074049	1.266504
124	1.210938	-0.667290	1.064502	1.256360
125	1.220703	-0.663520	1.055101	1.246393
126	1.230469	-0.659843	1.045841	1.236598
127	1.240234	-0.656256	1.036719	1.226971
128	1.250000	-0.652755	1.027733	1.217508
129	1.259766	-0.649339	1.018879	1.208203
130	1.269531	-0.646004	1.010154	1.199055
131	1.279297	-0.642748	1.001555	1.190057
132	1.289063	-0.639568	0.993079	1.181208
133	1.298828	-0.636462	0.984723	1.172503
134	1.308594	-0.633428	0.976485	1.163939
135	1.318359	-0.630463	0.968363	1.155513
136	1.328125	-0.627566	0.960352	1.147221
137	1.337891	-0.624734	0.952452	1.139060
138	1.347656	-0.621965	0.944660	1.131027
139	1.357422	-0.619258	0.936973	1.123120
140	1.367188	-0.616610	0.929389	1.115335
141	1.376953	-0.614021	0.921906	1.107670
142	1.386719	-0.611487	0.914522	1.100121
143	1.396484	-0.609009	0.907234	1.092687
144	1.406250	-0.606583	0.900041	1.085365
145	1.416016	-0.604209	0.892941	1.078152
146	1.425781	-0.601885	0.885931	1.071046
147	1.435547	-0.599609	0.879011	1.064045
148	1.445313	-0.597381	0.872178	1.057146
149	1.455078	-0.595199	0.865430	1.050348
150	1.464844	-0.593062	0.858765	1.043648
151	1.474609	-0.590968	0.852183	1.037044
152	1.484375	-0.588917	0.845681	1.030534
153	1.494141	-0.586907	0.839258	1.024116
154	1.503906	-0.584937	0.832912	1.017789
155	1.513672	-0.583006	0.826642	1.011550
156	1.523438	-0.581113	0.820446	1.005397
157	1.533203	-0.579258	0.814323	0.999330
158	1.542969	-0.577438	0.808271	0.993346
159	1.552734	-0.575654	0.802290	0.987444
160	1.562500	-0.573904	0.796377	0.981622
161	1.572266	-0.572187	0.790532	0.975878
162	1.582031	-0.570503	0.784753	0.970211
163	1.591797	-0.568850	0.779039	0.964620
164	1.601563	-0.567229	0.773389	0.959103
165	1.611328	-0.565637	0.767801	0.953659
166	1.621094	-0.564075	0.762275	0.948285
167	1.630859	-0.562542	0.756810	0.942982
168	1.640625	-0.561037	0.751404	0.937747
169	1.650391	-0.559559	0.746056	0.932580
170	1.660156	-0.558108	0.740765	0.927479
171	1.669922	-0.556683	0.735531	0.922443
172	1.679688	-0.555284	0.730351	0.917471
173	1.689453	-0.553909	0.725226	0.912561
174	1.699219	-0.552558	0.720155	0.907713
175	1.708984	-0.551232	0.715135	0.902926
176	1.718750	-0.549928	0.710167	0.898197
177	1.728516	-0.548647	0.705250	0.893527
178	1.738281	-0.547388	0.700383	0.888915
179	1.748047	-0.546151	0.695564	0.884359
180	1.757813	-0.544935	0.690794	0.879858
181	1.767578	-0.543739	0.686071	0.875411
182	1.777344	-0.542564	0.681394	0.871018
183	1.787109	-0.541408	0.676763	0.866678
184	1.796875	-0.540271	0.672177	0.862389
185	1.806641	-0.539154	0.667635	0.858151
186	1.816406	-0.538055	0.663137	0.853964
187	1.826172	-0.536974	0.658682	0.849825
188	1.835938	-0.535910	0.654268	0.845735
189	1.845703	-0.534864	0.649897	0.841692
190	1.855469	-0.533835	0.645566	0.837696
191	1.865234	-0.532823	0.641275	0.833746
192	1.875000	-0.531826	0.637023	0.829842
193	1.884766	-0.530846	0.632811	0.825982
194	1.894531	-0.529881	0.628636	0.822166
195	1.904297	-0.528931	0.624500	0.818394
196	1.914063	-0.527996	0.620400	0.814664
197	1.923828	-0.527076	0.616337	0.810975
198	1.933594	-0.526170	0.612310	0.807328
199	1.943359	-0.525278	0.608319	0.803722
200	1.953125	-0.524400	0.604362	0.800155
201	1.962891	-0.523535	0.600439	0.796628
202	1.972656	-0.522684	0.596551	0.793140
203	1.982422	-0.521845	0.592696	0.789690
204	1.992188	-0.521019	0.588873	0.786278
205	2.001953	-0.520206	0.585083	0.782902
206	2.011719	-0.519404	0.581325	0.779563
207	2.021484	-0.518615	0.577598	0.776261
208	2.031250	-0.517837	0.573902	0.772993
209	2.041016	-0.517071	0.570236	0.769761
210	2.050781	-0.516316	0.566601	0.766563
211	2.060547	-0.515572	0.562995	0.763398
212	2.070313	-0.514839	0.559418	0.760268
213	2.080078	-0.514116	0.555870	0.757170
214	2.089844	-0.513404	0.552350	0.754105
215	2.099609	-0.512702	0.548858	0.751072
216	2.109375	-0.512010	0.545394	0.748070
217	2.119141	-0.511329	0.541957	0.745100
218	2.128906	-0.510656	0.538547	0.742161
219	2.138672	-0.509994	0.535163	0.739251
220	2.148438	-0.509340	0.531805	0.736372
221	2.158203	-0.508696	0.528472	0.733522
222	2.167969	-0.508060	0.525165	0.730701
223	2.177734	-0.507434	0.521883	0.727909
224	2.187500	-0.506816	0.518626	0.725145
225	2.197266	-0.506207	0.515393	0.722409
226	2.207031	-0.505606	0.512184	0.719701
227	2.216797	-0.505013	0.508998	0.717020
228	2.226563	-0.504429	0.505836	0.714365
229	2.236328	-0.503852	0.502696	0.711738
230	2.246094	-0.503283	0.499580	0.709136
231	2.255859	-0.502722	0.496485	0.706560
232	2.265625	-0.502168	0.493413	0.704009
233	2.275391	-0.501622	0.490363	0.701484
234	2.285156	-0.501083	0.487334	0.698984
235	2.294922	-0.500551	0.484326	0.696508
236	2.304688	-0.500026	0.481340	0.694056
237	2.314453	-0.499508	0.478374	0.691628
238	2.324219	-0.498996	0.475428	0.689224
239	2.333984	-0.498492	0.472502	0.686842
240	2.343750	-0.497994	0.469597	0.684484
241	2.353516	-0.497502	0.466711	0.682149
242	2.363281	-0.497017	0.463844	0.679836
243	2.373047	-0.496538	0.460996	0.677545
244	2.382813	-0.496066	0.458167	0.675277
245	2.392578	-0.495599	0.455357	0.673029
246	2.402344	-0.495138	0.452566	0.670804
247	2.412109	-0.494683	0.449792	0.668599
248	2.421875	-0.494234	0.447037	0.666415
249	2.431641	-0.493791	0.444299	0.664252
250	2.441406	-0.493353	0.441578	0.662109
251	2.451172	-0.492920	0.438875	0.659986
252	2.460938	-0.492493	0.436189	0.657883
253	2.470703	-0.492071	0.433520	0.655800
254	2.480469	-0.491655	0.430867	0.653736
255	2.490234	-0.491244	0.428231	0.651692
256	2.500000	-0.490837	0.425611	0.649666
257	2.509766	-0.490436	0.423007	0.647659
258	2.519531	-0.490040	0.420419	0.645671
259	2.529297	-0.489648	0.417847	0.643701
260	2.539063	-0.489261	0.415290	0.641749
261	2.548828	-0.488879	0.412748	0.639816
262	2.558594	-0.488502	0.410221	0.637899
263	2.568359	-0.488129	0.407710	0.636001
264	2.578125	-0.487761	0.405213	0.634120
265	2.587891	-0.487397	0.402730	0.632256
266	2.597656	-0.487037	0.400262	0.630409
267	2.607422	-0.486682	0.397808	0.628578
268	2.617188	-0.486331	0.395368	0.626765
269	2.626953	-0.485984	0.392942	0.624967
270	2.636719	-0.485641	0.390530	0.623186
271	2.646484	-0.485302	0.388132	0.621421
272	2.656250	-0.484967	0.385746	0.619672
273	2.666016	-0.484637	0.383374	0.617939
274	2.675781	-0.484310	0.381015	0.616221
275	2.685547	-0.483986	0.378669	0.614519
276	2.695313	-0.483667	0.376336	0.612832
277	2.705078	-0.483351	0.374015	0.611159
278	2.714844	-0.483039	0.371707	0.609502
279	2.724609	-0.482731	0.369411	0.607860
280	2.734375	-0.482426	0.367128	0.606232
281	2.744141	-0.482125	0.364856	0.604619
282	2.753906	-0.481827	0.362596	0.603020
283	2.763672	-0.481532	0.360349	0.601435
284	2.773438	-0.481241	0.358112	0.599865
285	2.783203	-0.480953	0.355888	0.598308
286	2.792969	-0.480669	0.353674	0.596765
287	2.802734	-0.480387	0.351472	0.595235
288	2.812500	-0.480109	0.349281	0.593719
289	2.822266	-0.479834	0.347102	0.592217
290	2.832031	-0.479562	0.344933	0.590727
291	2.841797	-0.479293	0.342774	0.589251
292	2.851563	-0.479028	0.340627	0.587787
293	2.861328	-0.478765	0.338490	0.586337
294	2.871094	-0.478505	0.336363	0.584899
295	2.880859	-0.478248	0.334247	0.583474
296	2.890625	-0.477994	0.332140	0.582061
297	2.900391	-0.477742	0.330044	0.580661
298	2.910156	-0.477494	0.327958	0.579273
299	2.919922	-0.477248	0.325882	0.577897
300	2.929688	-0.477005	0.323815	0.576533
301	2.939453	-0.476765	0.321758	0.575181
302	2.949219	-0.476527	0.319711	0.573840
303	2.958984	-0.476292	0.317673	0.572512
304	2.968750	-0.476059	0.315644	0.571195
305	2.978516	-0.475829	0.313625	0.569889
306	2.988281	-0.475602	0.311614	0.568595
307	2.998047	-0.475377	0.309613	0.567312
308	3.007813	-0.475154	0.307620	0.566040
309	3.017578	-0.474934	0.305637	0.564780
310	3.027344	-0.474716	0.303662	0.563530
311	3.037109	-0.474501	0.301696	0.562291
312	3.046875	-0.474288	0.299738	0.561063
313	3.056641	-0.474077	0.297788	0.559846
314	3.066406	-0.473869	0.295848	0.558639
315	3.076172	-0.473663	0.293915	0.557443
316	3.085938	-0.473459	0.291990	0.556257
317	3.095703	-0.473257	0.290074	0.555081
318	3.105469	-0.473057	0.288166	0.553916
319	3.115234	-0.472860	0.286265	0.552760
320	3.125000	-0.472664	0.284372	0.551615
321	3.134766	-0.472471	0.282487	0.550480
322	3.144531	-0.472280	0.280610	0.549355
323	3.154297	-0.472091	0.278740	0.548239
324	3.164063	-0.471904	0.276878	0.547133
325	3.173828	-0.471719	0.275024	0.546037
326	3.183594	-0.471536	0.273176	0.544950
327	3.193359	-0.471354	0.271336	0.543873
328	3.203125	-0.471175	0.269503	0.542806
329	3.212891	-0.470998	0.267677	0.541747
330	3.222656	-0.470822	0.265858	0.540698
331	3.232422	-0.470649	0.264046	0.539658
332	3.242188	-0.470477	0.262242	0.538627
333	3.251953	-0.470307	0.260443	0.537606
334	3.261719	-0.470139	0.258652	0.536593
335	3.271484	-0.469973	0.256867	0.535589
336	3.281250	-0.469808	0.255089	0.534594
337	3.291016	-0.469646	0.253317	0.533607
338	3.300781	-0.469485	0.251552	0.532630
339	3.310547	-0.469325	0.249794	0.531661
340	3.320313	-0.469167	0.248041	0.530700
341	3.330078	-0.469012	0.246295	0.529748
342	3.339844	-0.468857	0.244555	0.528804
343	3.349609	-0.468704	0.242821	0.527869
344	3.359375	-0.468553	0.241093	0.526942
345	3.369141	-0.468404	0.239371	0.526024
346	3.378906	-0.468256	0.237656	0.525113
347	3.388672	-0.468110	0.235946	0.524211
348	3.398438	-0.467965	0.234241	0.523317
349	3.408203	-0.467822	0.232543	0.522430
350	3.417969	-0.467680	0.230850	0.521552
351	3.427734	-0.467540	0.229163	0.520681
352	3.437500	-0.467401	0.227481	0.519819
353	3.447266	-0.467264	0.225805	0.518964
354	3.457031	-0.467128	0.224135	0.518117
355	3.466797	-0.466994	0.222470	0.517277
356	3.476563	-0.466861	0.220810	0.516446
357	3.486328	-0.466729	0.219155	0.515621
358	3.496094	-0.466599	0.217506	0.514804
359	3.505859	-0.466471	0.215861	0.513995
360	3.515625	-0.466343	0.214222	0.513193
361	3.525391	-0.466217	0.212588	0.512399
362	3.535156	-0.466093	0.210959	0.511611
363	3.544922	-0.465969	0.209335	0.510831
364	3.554688	-0.465848	0.207716	0.510059
365	3.564453	-0.465727	0.206102	0.509293
366	3.574219	-0.465608	0.204492	0.508535
367	3.583984	-0.465490	0.202887	0.507783
368	3.593750	-0.465373	0.201287	0.507039
369	3.603516	-0.465257	0.199692	0.506301
370	3.613281	-0.465143	0.198101	0.505571
371	3.623047	-0.465030	0.196514	0.504847
372	3.632813	-0.464918	0.194932	0.504130
373	3.642578	-0.464808	0.193355	0.503421
374	3.652344	-0.464698	0.191782	0.502717
375	3.662109	-0.464590	0.190213	0.502021
376	3.671875	-0.464483	0.188649	0.501331
377	3.681641	-0.464377	0.187089	0.500648
378	3.691406	-0.464273	0.185533	0.499971
379	3.701172	-0.464169	0.183981	0.499301
380	3.710938	-0.464067	0.182433	0.498638
381	3.720703	-0.463965	0.180890	0.497981
382	3.730469	-0.463865	0.179350	0.497330
383	3.740234	-0.463766	0.177814	0.496686
384	3.750000	-0.463668	0.176283	0.496048
385	3.759766	-0.463572	0.174755	0.495417
386	3.769531	-0.463476	0.173231	0.494792
387	3.779297	-0.463381	0.171711	0.494173
388	3.789063	-0.463288	0.170194	0.493560
389	3.798828	-0.463195	0.168682	0.492954
390	3.808594	-0.463104	0.167173	0.492353
391	3.818359	-0.463013	0.165667	0.491759
392	3.828125	-0.462924	0.164166	0.491171
393	3.837891	-0.462836	0.162667	0.490589
394	3.847656	-0.462748	0.161173	0.490013
395	3.857422	-0.462662	0.159681	0.489443
396	3.867188	-0.462577	0.158194	0.488879
397	3.876953	-0.462492	0.156709	0.488320
398	3.886719	-0.462409	0.155228	0.487768
399	3.896484	-0.462327	0.153750	0.487222
400	3.906250	-0.462245	0.152276	0.486681
401	3.916016	-0.462165	0.150805	0.486146
402	3.925781	-0.462085	0.149337	0.485617
403	3.935547	-0.462007	0.147872	0.485094
404	3.945313	-0.461929	0.146410	0.484576
405	3.955078	-0.461852	0.144951	0.484064
406	3.964844	-0.461777	0.143496	0.483558
407	3.974609	-0.461702	0.142043	0.483058
408	3.984375	-0.461628	0.140593	0.482563
409	3.994141	-0.461555	0.139147	0.482073
410	4.003906	-0.461483	0.137703	0.481589
411	4.013672	-0.461411	0.136262	0.481111
412	4.023438	-0.461341	0.134824	0.480638
413	4.033203	-0.461272	0.133388	0.480171
414	4.042969	-0.461203	0.131956	0.479709
415	4.052734	-0.461135	0.130526	0.479252
416	4.062500	-0.461069	0.129099	0.478801
417	4.072266	-0.461003	0.127674	0.478356
418	4.082031	-0.460937	0.126252	0.477915
419	4.091797	-0.460873	0.124833	0.477480
420	4.101563	-0.460810	0.123416	0.477051
421	4.111328	-0.460747	0.122002	0.476626
422	4.121094	-0.460685	0.120590	0.476207
423	4.130859	-0.460624	0.119181	0.475793
424	4.140625	-0.460564	0.117774	0.475384
425	4.150391	-0.460505	0.116370	0.474981
426	4.160156	-0.460447	0.114967	0.474582
427	4.169922	-0.460389	0.113568	0.474189
428	4.179688	-0.460332	0.112170	0.473801
429	4.189453	-0.460276	0.110775	0.473418
430	4.199219	-0.460221	0.109382	0.473040
431	4.208984	-0.460166	0.107991	0.472668
432	4.218750	-0.460112	0.106602	0.472300
433	4.228516	-0.460059	0.105216	0.471937
434	4.238281	-0.460007	0.103831	0.471580
435	4.248047	-0.459956	0.102449	0.471227
436	4.257813	-0.459905	0.101069	0.470879
437	4.267578	-0.459855	0.099690	0.470537
438	4.277344	-0.459806	0.098314	0.470199
439	4.287109	-0.459758	0.096940	0.469866
440	4.296875	-0.459710	0.095567	0.469538
441	4.306641	-0.459663	0.094197	0.469215
442	4.316406	-0.459617	0.092828	0.468897
443	4.326172	-0.459571	0.091461	0.468584
444	4.335938	-0.459527	0.090096	0.468276
445	4.345703	-0.459483	0.088733	0.467972
446	4.355469	-0.459440	0.087371	0.467673
447	4.365234	-0.459397	0.086011	0.467379
448	4.375000	-0.459355	0.084653	0.467090
449	4.384766	-0.459314	0.083296	0.466806
450	4.394531	-0.459274	0.081942	0.466526
451	4.404297	-0.459234	0.080588	0.466252
452	4.414063	-0.459195	0.079237	0.465981
453	4.423828	-0.459157	0.077886	0.465716
454	4.433594	-0.459119	0.076538	0.465455
455	4.443359	-0.459083	0.075191	0.465199
456	4.453125	-0.459046	0.073845	0.464948
457	4.462891	-0.459011	0.072501	0.464701
458	4.472656	-0.458976	0.071158	0.464459
459	4.482422	-0.458942	0.069816	0.464222
460	4.492188	-0.458909	0.068476	0.463989
461	4.501953	-0.458876	0.067137	0.463761
462	4.511719	-0.458844	0.065800	0.463538
463	4.521484	-0.458812	0.064464	0.463319
464	4.531250	-0.458782	0.063129	0.463105
465	4.541016	-0.458752	0.061795	0.462895
466	4.550781	-0.458722	0.060462	0.462690
467	4.560547	-0.458694	0.059131	0.462489
468	4.570313	-0.458666	0.057801	0.462293
469	4.580078	-0.458638	0.056471	0.462102
470	4.589844	-0.458611	0.055143	0.461915
471	4.599609	-0.458585	0.053816	0.461732
472	4.609375	-0.458560	0.052490	0.461554
473	4.619141	-0.458535	0.051165	0.461381
474	4.628906	-0.458511	0.049841	0.461212
475	4.638672	-0.458488	0.048518	0.461048
476	4.648438	-0.458465	0.047196	0.460888
477	4.658203	-0.458443	0.045874	0.460732
478	4.667969	-0.458421	0.044554	0.460581
479	4.677734	-0.458400	0.043235	0.460435
480	4.687500	-0.458380	0.041916	0.460292
481	4.697266	-0.458360	0.040598	0.460155
482	4.707031	-0.458341	0.039281	0.460022
483	4.716797	-0.458323	0.037964	0.459893
484	4.726563	-0.458305	0.036649	0.459768
485	4.736328	-0.458288	0.035334	0.459648
486	4.746094	-0.458272	0.034019	0.459533
487	4.755859	-0.458256	0.032706	0.459422
488	4.765625	-0.458241	0.031393	0.459315
489	4.775391	-0.458226	0.030080	0.459213
490	4.785156	-0.458212	0.028768	0.459115
491	4.794922	-0.458199	0.027457	0.459021
492	4.804688	-0.458187	0.026146	0.458932
493	4.814453	-0.458174	0.024836	0.458847
494	4.824219	-0.458163	0.023526	0.458767
495	4.833984	-0.458152	0.022216	0.458691
496	4.843750	-0.458142	0.020907	0.458619
497	4.853516	-0.458133	0.019599	0.458552
498	4.863281	-0.458124	0.018290	0.458489
499	4.873047	-0.458115	0.016983	0.458430
500	4.882813	-0.458108	0.015675	0.458376
501	4.892578	-0.458101	0.014368	0.458326
502	4.902344	-0.458094	0.013061	0.458280
503	4.912109	-0.458088	0.011754	0.458239
504	4.921875	-0.458083	0.010447	0.458202
505	4.931641	-0.458078	0.009141	0.458170
506	4.941406	-0.458074	0.007835	0.458141
507	4.951172	-0.458071	0.006529	0.458118
508	4.960938	-0.458068	0.005223	0.458098
509	4.970703	-0.458066	0.003917	0.458083
510	4.980469	-0.458065	0.002611	0.458072
511	4.990234	-0.458064	0.001306	0.458065
