0.000000	0.000000
0.100000	0.101899
0.200000	0.202587
0.300000	0.300879
0.400000	0.395636
0.500000	0.485794
0.600000	0.570379
0.700000	0.648531
0.800000	0.719518
0.900000	0.782749
1.000000	0.837785
1.100000	0.884346
1.200000	0.922311
1.300000	0.951720
1.400000	0.972767
1.500000	0.985794
1.600000	0.991274
1.700000	0.989804
1.800000	0.982081
1.900000	0.968885
2.000000	0.951057
2.100000	0.929475
2.200000	0.905033
2.300000	0.878617
2.400000	0.851080
2.500000	0.823223
2.600000	0.795772
2.700000	0.769363
2.800000	0.744523
2.900000	0.721661
3.000000	0.701057
3.100000	0.682854
3.200000	0.667063
3.300000	0.653555
3.400000	0.642074
3.500000	0.632240
3.600000	0.623567
3.700000	0.615471
3.800000	0.607293
3.900000	0.598315
4.000000	0.587785
4.100000	0.574935
4.200000	0.559008
4.300000	0.539277
4.400000	0.515071
4.500000	0.485794
4.600000	0.450944
4.700000	0.410133
4.800000	0.363097
4.900000	0.309713
5.000000	0.250000
5.100000	0.184132
5.200000	0.112431
5.300000	0.035370
5.400000	-0.046436
5.500000	-0.132240
5.600000	-0.221178
5.700000	-0.312282
5.800000	-0.404499
5.900000	-0.496718
6.000000	-0.587785
6.100000	-0.676533
6.200000	-0.761801
6.300000	-0.842466
6.400000	-0.917460
6.500000	-0.985794
6.600000	-1.046582
6.700000	-1.099058
6.800000	-1.142591
6.900000	-1.176699
7.000000	-1.201057
7.100000	-1.215505
7.200000	-1.220051
7.300000	-1.214866
7.400000	-1.200281
7.500000	-1.176777
7.600000	-1.144973
7.700000	-1.105612
7.800000	-1.059541
7.900000	-1.007692
8.000000	-0.951057
8.100000	-0.890668
8.200000	-0.827573
8.300000	-0.762809
8.400000	-0.697382
8.500000	-0.632240
8.600000	-0.568259
8.700000	-0.506217
8.800000	-0.446783
8.900000	-0.390502
9.000000	-0.337785
9.100000	-0.288905
9.200000	-0.243990
9.300000	-0.203028
9.400000	-0.165870
9.500000	-0.132240
9.600000	-0.101744
9.700000	-0.073884
9.800000	-0.048079
9.900000	-0.023682
10.000000	-0.000000
10.100000	0.023682
10.200000	0.048079
10.300000	0.073884
10.400000	0.101744
10.500000	0.132240
10.600000	0.165870
10.700000	0.203028
10.800000	0.243990
10.900000	0.288905
11.000000	0.337785
11.100000	0.390502
11.200000	0.446783
11.300000	0.506217
11.400000	0.568259
11.500000	0.632240
11.600000	0.697382
11.700000	0.762809
11.800000	0.827573
11.900000	0.890668
12.000000	0.951057
12.100000	1.007692
12.200000	1.059541
12.300000	1.105612
12.400000	1.144973
12.500000	1.176777
12.600000	1.200281
12.700000	1.214866
12.800000	1.220051
12.900000	1.215505
13.000000	1.201057
13.100000	1.176699
13.200000	1.142591
13.300000	1.099058
13.400000	1.046582
13.500000	0.985794
13.600000	0.917460
13.700000	0.842466
13.800000	0.761801
13.900000	0.676533
14.000000	0.587785
14.100000	0.496718
14.200000	0.404499
14.300000	0.312282
14.400000	0.221178
14.500000	0.132240
14.600000	0.046436
14.700000	-0.035370
14.800000	-0.112431
14.900000	-0.184132
15.000000	-0.250000
15.100000	-0.309713
15.200000	-0.363097
15.300000	-0.410133
15.400000	-0.450944
15.500000	-0.485794
15.600000	-0.515071
15.700000	-0.539277
15.800000	-0.559008
15.900000	-0.574935
16.000000	-0.587785
16.100000	-0.598315
16.200000	-0.607293
16.300000	-0.615471
16.400000	-0.623567
16.500000	-0.632240
16.600000	-0.642074
16.700000	-0.653555
16.800000	-0.667063
16.900000	-0.682854
17.000000	-0.701057
17.100000	-0.721661
17.200000	-0.744523
17.300000	-0.769363
17.400000	-0.795772
17.500000	-0.823223
17.600000	-0.851080
17.700000	-0.878617
17.800000	-0.905033
17.900000	-0.929475
18.000000	-0.951057
18.100000	-0.968885
18.200000	-0.982081
18.300000	-0.989804
18.400000	-0.991274
18.500000	-0.985794
18.600000	-0.972767
18.700000	-0.951720
18.800000	-0.922311
18.900000	-0.884346
19.000000	-0.837785
19.100000	-0.782749
19.200000	-0.719518
19.300000	-0.648531
19.400000	-0.570379
19.500000	-0.485794
19.600000	-0.395636
19.700000	-0.300879
19.800000	-0.202587
19.900000	-0.101899
20.000000	0.000000
20.100000	0.101899
20.200000	0.202587
20.300000	0.300879
20.400000	0.395636
20.500000	0.485794
20.600000	0.570379
20.700000	0.648531
20.800000	0.719518
20.900000	0.782749
21.000000	0.837785
21.100000	0.884346
21.200000	0.922311
21.300000	0.951720
21.400000	0.972767
21.500000	0.985794
21.600000	0.991274
21.700000	0.989804
21.800000	0.982081
21.900000	0.968885
22.000000	0.951057
22.100000	0.929475
22.200000	0.905033
22.300000	0.878617
22.400000	0.851080
22.500000	0.823223
22.600000	0.795772
22.700000	0.769363
22.800000	0.744523
22.900000	0.721661
23.000000	0.701057
23.100000	0.682854
23.200000	0.667063
23.300000	0.653555
23.400000	0.642074
23.500000	0.632240
23.600000	0.623567
23.700000	0.615471
23.800000	0.607293
23.900000	0.598315
24.000000	0.587785
24.100000	0.574935
24.200000	0.559008
24.300000	0.539277
24.400000	0.515071
24.500000	0.485794
24.600000	0.450944
24.700000	0.410133
24.800000	0.363097
24.900000	0.309713
25.000000	0.250000
25.100000	0.184132
25.200000	0.112431
25.300000	0.035370
25.400000	-0.046436
25.500000	-0.132240
25.600000	-0.221178
25.700000	-0.312282
25.800000	-0.404499
25.900000	-0.496718
26.000000	-0.587785
26.100000	-0.676533
26.200000	-0.761801
26.300000	-0.842466
26.400000	-0.917460
26.500000	-0.985794
26.600000	-1.046582
26.700000	-1.099058
26.800000	-1.142591
26.900000	-1.176699
27.000000	-1.201057
27.100000	-1.215505
27.200000	-1.220051
27.300000	-1.214866
27.400000	-1.200281
27.500000	-1.176777
27.600000	-1.144973
27.700000	-1.105612
27.800000	-1.059541
27.900000	-1.007692
28.000000	-0.951057
28.100000	-0.890668
28.200000	-0.827573
28.300000	-0.762809
28.400000	-0.697382
28.500000	-0.632240
28.600000	-0.568259
28.700000	-0.506217
28.800000	-0.446783
28.900000	-0.390502
29.000000	-0.337785
29.100000	-0.288905
29.200000	-0.243990
29.300000	-0.203028
29.400000	-0.165870
29.500000	-0.132240
29.600000	-0.101744
29.700000	-0.073884
29.800000	-0.048079
29.900000	-0.023682
30.000000	0.000000
30.100000	0.023682
30.200000	0.048079
30.300000	0.073884
30.400000	0.101744
30.500000	0.132240
30.600000	0.165870
30.700000	0.203028
30.800000	0.243990
30.900000	0.288905
31.000000	0.337785
31.100000	0.390502
31.200000	0.446783
31.300000	0.506217
31.400000	0.568259
31.500000	0.632240
31.600000	0.697382
31.700000	0.762809
31.800000	0.827573
31.900000	0.890668
32.000000	0.951057
32.100000	1.007692
32.200000	1.059541
32.300000	1.105612
32.400000	1.144973
32.500000	1.176777
32.600000	1.200281
32.700000	1.214866
32.800000	1.220051
32.900000	1.215505
33.000000	1.201057
33.100000	1.176699
33.200000	1.142591
33.300000	1.099058
33.400000	1.046582
33.500000	0.985794
33.600000	0.917460
33.700000	0.842466
33.800000	0.761801
33.900000	0.676533
34.000000	0.587785
34.100000	0.496718
34.200000	0.404499
34.300000	0.312282
34.400000	0.221178
34.500000	0.132240
34.600000	0.046436
34.700000	-0.035370
34.800000	-0.112431
34.900000	-0.184132
35.000000	-0.250000
35.100000	-0.309713
35.200000	-0.363097
35.300000	-0.410133
35.400000	-0.450944
35.500000	-0.485794
35.600000	-0.515071
35.700000	-0.539277
35.800000	-0.559008
35.900000	-0.574935
36.000000	-0.587785
36.100000	-0.598315
36.200000	-0.607293
36.300000	-0.615471
36.400000	-0.623567
36.500000	-0.632240
36.600000	-0.642074
36.700000	-0.653555
36.800000	-0.667063
36.900000	-0.682854
37.000000	-0.701057
37.100000	-0.721661
37.200000	-0.744523
37.300000	-0.769363
37.400000	-0.795772
37.500000	-0.823223
37.600000	-0.851080
37.700000	-0.878617
37.800000	-0.905033
37.900000	-0.929475
38.000000	-0.951057
38.100000	-0.968885
38.200000	-0.982081
38.300000	-0.989804
38.400000	-0.991274
38.500000	-0.985794
38.600000	-0.972767
38.700000	-0.951720
38.800000	-0.922311
38.900000	-0.884346
39.000000	-0.837785
39.100000	-0.782749
39.200000	-0.719518
39.300000	-0.648531
39.400000	-0.570379
39.500000	-0.485794
39.600000	-0.395636
39.700000	-0.300879
39.800000	-0.202587
39.900000	-0.101899
40.000000	0.000000
40.100000	0.101899
40.200000	0.202587
40.300000	0.300879
40.400000	0.395636
40.500000	0.485794
40.600000	0.570379
40.700000	0.648531
40.800000	0.719518
40.900000	0.782749
41.000000	0.837785
41.100000	0.884346
41.200000	0.922311
41.300000	0.951720
41.400000	0.972767
41.500000	0.985794
41.600000	0.991274
41.700000	0.989804
41.800000	0.982081
41.900000	0.968885
42.000000	0.951057
42.100000	0.929475
42.200000	0.905033
42.300000	0.878617
42.400000	0.851080
42.500000	0.823223
42.600000	0.795772
42.700000	0.769363
42.800000	0.744523
42.900000	0.721661
43.000000	0.701057
43.100000	0.682854
43.200000	0.667063
43.300000	0.653555
43.400000	0.642074
43.500000	0.632240
43.600000	0.623567
43.700000	0.615471
43.800000	0.607293
43.900000	0.598315
44.000000	0.587785
44.100000	0.574935
44.200000	0.559008
44.300000	0.539277
44.400000	0.515071
44.500000	0.485794
44.600000	0.450944
44.700000	0.410133
44.800000	0.363097
44.900000	0.309713
45.000000	0.250000
45.100000	0.184132
45.200000	0.112431
45.300000	0.035370
45.400000	-0.046436
45.500000	-0.132240
45.600000	-0.221178
45.700000	-0.312282
45.800000	-0.404499
45.900000	-0.496718
46.000000	-0.587785
46.100000	-0.676533
46.200000	-0.761801
46.300000	-0.842466
46.400000	-0.917460
46.500000	-0.985794
46.600000	-1.046582
46.700000	-1.099058
46.800000	-1.142591
46.900000	-1.176699
47.000000	-1.201057
47.100000	-1.215505
47.200000	-1.220051
47.300000	-1.214866
47.400000	-1.200281
47.500000	-1.176777
47.600000	-1.144973
47.700000	-1.105612
47.800000	-1.059541
47.900000	-1.007692
48.000000	-0.951057
48.100000	-0.890668
48.200000	-0.827573
48.300000	-0.762809
48.400000	-0.697382
48.500000	-0.632240
48.600000	-0.568259
48.700000	-0.506217
48.800000	-0.446783
48.900000	-0.390502
49.000000	-0.337785
49.100000	-0.288905
49.200000	-0.243990
49.300000	-0.203028
49.400000	-0.165870
49.500000	-0.132240
49.600000	-0.101744
49.700000	-0.073884
49.800000	-0.048079
49.900000	-0.023682
50.000000	0.000000
50.100000	0.023682
50.200000	0.048079
50.300000	0.073884
50.400000	0.101744
50.500000	0.132240
50.600000	0.165870
50.700000	0.203028
50.800000	0.243990
50.900000	0.288905
51.000000	0.337785
51.100000	0.390502
51.200000	0.446783
51.300000	0.506217
51.400000	0.568259
51.500000	0.632240
51.600000	0.697382
51.700000	0.762809
51.800000	0.827573
51.900000	0.890668
52.000000	0.951057
52.100000	1.007692
52.200000	1.059541
52.300000	1.105612
52.400000	1.144973
52.500000	1.176777
52.600000	1.200281
52.700000	1.214866
52.800000	1.220051
52.900000	1.215505
53.000000	1.201057
53.100000	1.176699
53.200000	1.142591
53.300000	1.099058
53.400000	1.046582
53.500000	0.985794
53.600000	0.917460
53.700000	0.842466
53.800000	0.761801
53.900000	0.676533
54.000000	0.587785
54.100000	0.496718
54.200000	0.404499
54.300000	0.312282
54.400000	0.221178
54.500000	0.132240
54.600000	0.046436
54.700000	-0.035370
54.800000	-0.112431
54.900000	-0.184132
55.000000	-0.250000
55.100000	-0.309713
55.200000	-0.363097
55.300000	-0.410133
55.400000	-0.450944
55.500000	-0.485794
55.600000	-0.515071
55.700000	-0.539277
55.800000	-0.559008
55.900000	-0.574935
56.000000	-0.587785
56.100000	-0.598315
56.200000	-0.607293
56.300000	-0.615471
56.400000	-0.623567
56.500000	-0.632240
56.600000	-0.642074
56.700000	-0.653555
56.800000	-0.667063
56.900000	-0.682854
57.000000	-0.701057
57.100000	-0.721661
57.200000	-0.744523
57.300000	-0.769363
57.400000	-0.795772
57.500000	-0.823223
57.600000	-0.851080
57.700000	-0.878617
57.800000	-0.905033
57.900000	-0.929475
58.000000	-0.951057
58.100000	-0.968885
58.200000	-0.982081
58.300000	-0.989804
58.400000	-0.991274
58.500000	-0.985794
58.600000	-0.972767
58.700000	-0.951720
58.800000	-0.922311
58.900000	-0.884346
59.000000	-0.837785
59.100000	-0.782749
59.200000	-0.719518
59.300000	-0.648531
59.400000	-0.570379
59.500000	-0.485794
59.600000	-0.395636
59.700000	-0.300879
59.800000	-0.202587
59.900000	-0.101899
60.000000	0.000000
60.100000	0.101899
60.200000	0.202587
60.300000	0.300879
60.400000	0.395636
60.500000	0.485794
60.600000	0.570379
60.700000	0.648531
60.800000	0.719518
60.900000	0.782749
61.000000	0.837785
61.100000	0.884346
61.200000	0.922311
61.300000	0.951720
61.400000	0.972767
61.500000	0.985794
61.600000	0.991274
61.700000	0.989804
61.800000	0.982081
61.900000	0.968885
62.000000	0.951057
62.100000	0.929475
62.200000	0.905033
62.300000	0.878617
62.400000	0.851080
62.500000	0.823223
62.600000	0.795772
62.700000	0.769363
62.800000	0.744523
62.900000	0.721661
63.000000	0.701057
63.100000	0.682854
63.200000	0.667063
63.300000	0.653555
63.400000	0.642074
63.500000	0.632240
63.600000	0.623567
63.700000	0.615471
63.800000	0.607293
63.900000	0.598315
64.000000	0.587785
64.100000	0.574935
64.200000	0.559008
64.300000	0.539277
64.400000	0.515071
64.500000	0.485794
64.600000	0.450944
64.700000	0.410133
64.800000	0.363097
64.900000	0.309713
65.000000	0.250000
65.100000	0.184132
65.200000	0.112431
65.300000	0.035370
65.400000	-0.046436
65.500000	-0.132240
65.600000	-0.221178
65.700000	-0.312282
65.800000	-0.404499
65.900000	-0.496718
66.000000	-0.587785
66.100000	-0.676533
66.200000	-0.761801
66.300000	-0.842466
66.400000	-0.917460
66.500000	-0.985794
66.600000	-1.046582
66.700000	-1.099058
66.800000	-1.142591
66.900000	-1.176699
67.000000	-1.201057
67.100000	-1.215505
67.200000	-1.220051
67.300000	-1.214866
67.400000	-1.200281
67.500000	-1.176777
67.600000	-1.144973
67.700000	-1.105612
67.800000	-1.059541
67.900000	-1.007692
68.000000	-0.951057
68.100000	-0.890668
68.200000	-0.827573
68.300000	-0.762809
68.400000	-0.697382
68.500000	-0.632240
68.600000	-0.568259
68.700000	-0.506217
68.800000	-0.446783
68.900000	-0.390502
69.000000	-0.337785
69.100000	-0.288905
69.200000	-0.243990
69.300000	-0.203028
69.400000	-0.165870
69.500000	-0.132240
69.600000	-0.101744
69.700000	-0.073884
69.800000	-0.048079
69.900000	-0.023682
70.000000	0.000000
70.100000	0.023682
70.200000	0.048079
70.300000	0.073884
70.400000	0.101744
70.500000	0.132240
70.600000	0.165870
70.700000	0.203028
70.800000	0.243990
70.900000	0.288905
71.000000	0.337785
71.100000	0.390502
71.200000	0.446783
71.300000	0.506217
71.400000	0.568259
71.500000	0.632240
71.600000	0.697382
71.700000	0.762809
71.800000	0.827573
71.900000	0.890668
72.000000	0.951057
72.100000	1.007692
72.200000	1.059541
72.300000	1.105612
72.400000	1.144973
72.500000	1.176777
72.600000	1.200281
72.700000	1.214866
72.800000	1.220051
72.900000	1.215505
73.000000	1.201057
73.100000	1.176699
73.200000	1.142591
73.300000	1.099058
73.400000	1.046582
73.500000	0.985794
73.600000	0.917460
73.700000	0.842466
73.800000	0.761801
73.900000	0.676533
74.000000	0.587785
74.100000	0.496718
74.200000	0.404499
74.300000	0.312282
74.400000	0.221178
74.500000	0.132240
74.600000	0.046436
74.700000	-0.035370
74.800000	-0.112431
74.900000	-0.184132
75.000000	-0.250000
75.100000	-0.309713
75.200000	-0.363097
75.300000	-0.410133
75.400000	-0.450944
75.500000	-0.485794
75.600000	-0.515071
75.700000	-0.539277
75.800000	-0.559008
75.900000	-0.574935
76.000000	-0.587785
76.100000	-0.598315
76.200000	-0.607293
76.300000	-0.615471
76.400000	-0.623567
76.500000	-0.632240
76.600000	-0.642074
76.700000	-0.653555
76.800000	-0.667063
76.900000	-0.682854
77.000000	-0.701057
77.100000	-0.721661
77.200000	-0.744523
77.300000	-0.769363
77.400000	-0.795772
77.500000	-0.823223
77.600000	-0.851080
77.700000	-0.878617
77.800000	-0.905033
77.900000	-0.929475
78.000000	-0.951057
78.100000	-0.968885
78.200000	-0.982081
78.300000	-0.989804
78.400000	-0.991274
78.500000	-0.985794
78.600000	-0.972767
78.700000	-0.951720
78.800000	-0.922311
78.900000	-0.884346
79.000000	-0.837785
79.100000	-0.782749
79.200000	-0.719518
79.300000	-0.648531
79.400000	-0.570379
79.500000	-0.485794
79.600000	-0.395636
79.700000	-0.300879
79.800000	-0.202587
79.900000	-0.101899
80.000000	-0.000000
80.100000	0.101899
80.200000	0.202587
80.300000	0.300879
80.400000	0.395636
80.500000	0.485794
80.600000	0.570379
80.700000	0.648531
80.800000	0.719518
80.900000	0.782749
81.000000	0.837785
81.100000	0.884346
81.200000	0.922311
81.300000	0.951720
81.400000	0.972767
81.500000	0.985794
81.600000	0.991274
81.700000	0.989804
81.800000	0.982081
81.900000	0.968885
82.000000	0.951057
82.100000	0.929475
82.200000	0.905033
82.300000	0.878617
82.400000	0.851080
82.500000	0.823223
82.600000	0.795772
82.700000	0.769363
82.800000	0.744523
82.900000	0.721661
83.000000	0.701057
83.100000	0.682854
83.200000	0.667063
83.300000	0.653555
83.400000	0.642074
83.500000	0.632240
83.600000	0.623567
83.700000	0.615471
83.800000	0.607293
83.900000	0.598315
84.000000	0.587785
84.100000	0.574935
84.200000	0.559008
84.300000	0.539277
84.400000	0.515071
84.500000	0.485794
84.600000	0.450944
84.700000	0.410133
84.800000	0.363097
84.900000	0.309713
85.000000	0.250000
85.100000	0.184132
85.200000	0.112431
85.300000	0.035370
85.400000	-0.046436
85.500000	-0.132240
85.600000	-0.221178
85.700000	-0.312282
85.800000	-0.404499
85.900000	-0.496718
86.000000	-0.587785
86.100000	-0.676533
86.200000	-0.761801
86.300000	-0.842466
86.400000	-0.917460
86.500000	-0.985794
86.600000	-1.046582
86.700000	-1.099058
86.800000	-1.142591
86.900000	-1.176699
87.000000	-1.201057
87.100000	-1.215505
87.200000	-1.220051
87.300000	-1.214866
87.400000	-1.200281
87.500000	-1.176777
87.600000	-1.144973
87.700000	-1.105612
87.800000	-1.059541
87.900000	-1.007692
88.000000	-0.951057
88.100000	-0.890668
88.200000	-0.827573
88.300000	-0.762809
88.400000	-0.697382
88.500000	-0.632240
88.600000	-0.568259
88.700000	-0.506217
88.800000	-0.446783
88.900000	-0.390502
89.000000	-0.337785
89.100000	-0.288905
89.200000	-0.243990
89.300000	-0.203028
89.400000	-0.165870
89.500000	-0.132240
89.600000	-0.101744
89.700000	-0.073884
89.800000	-0.048079
89.900000	-0.023682
90.000000	-0.000000
90.100000	0.023682
90.200000	0.048079
90.300000	0.073884
90.400000	0.101744
90.500000	0.132240
90.600000	0.165870
90.700000	0.203028
90.800000	0.243990
90.900000	0.288905
91.000000	0.337785
91.100000	0.390502
91.200000	0.446783
91.300000	0.506217
91.400000	0.568259
91.500000	0.632240
91.600000	0.697382
91.700000	0.762809
91.800000	0.827573
91.900000	0.890668
92.000000	0.951057
92.100000	1.007692
92.200000	1.059541
92.300000	1.105612
92.400000	1.144973
92.500000	1.176777
92.600000	1.200281
92.700000	1.214866
92.800000	1.220051
92.900000	1.215505
93.000000	1.201057
93.100000	1.176699
93.200000	1.142591
93.300000	1.099058
93.400000	1.046582
93.500000	0.985794
93.600000	0.917460
93.700000	0.842466
93.800000	0.761801
93.900000	0.676533
94.000000	0.587785
94.100000	0.496718
94.200000	0.404499
94.300000	0.312282
94.400000	0.221178
94.500000	0.132240
94.600000	0.046436
94.700000	-0.035370
94.800000	-0.112431
94.900000	-0.184132
95.000000	-0.250000
95.100000	-0.309713
95.200000	-0.363097
95.300000	-0.410133
95.400000	-0.450944
95.500000	-0.485794
95.600000	-0.515071
95.700000	-0.539277
95.800000	-0.559008
95.900000	-0.574935
96.000000	-0.587785
96.100000	-0.598315
96.200000	-0.607293
96.300000	-0.615471
96.400000	-0.623567
96.500000	-0.632240
96.600000	-0.642074
96.700000	-0.653555
96.800000	-0.667063
96.900000	-0.682854
97.000000	-0.701057
97.100000	-0.721661
97.200000	-0.744523
97.300000	-0.769363
97.400000	-0.795772
97.500000	-0.823223
97.600000	-0.851080
97.700000	-0.878617
97.800000	-0.905033
97.900000	-0.929475
98.000000	-0.951057
98.100000	-0.968885
98.200000	-0.982081
98.300000	-0.989804
98.400000	-0.991274
98.500000	-0.985794
98.600000	-0.972767
98.700000	-0.951720
98.800000	-0.922311
98.900000	-0.884346
99.000000	-0.837785
99.100000	-0.782749
99.200000	-0.719518
99.300000	-0.648531
99.400000	-0.570379
99.500000	-0.485794
99.600000	-0.395636
99.700000	-0.300879
99.800000	-0.202587
99.900000	-0.101899
100.000000	-0.000000
100.100000	0.101899
100.200000	0.202587
100.300000	0.300879
100.400000	0.395636
100.500000	0.485794
100.600000	0.570379
100.700000	0.648531
100.800000	0.719518
100.900000	0.782749
101.000000	0.837785
101.100000	0.884346
101.200000	0.922311
101.300000	0.951720
101.400000	0.972767
101.500000	0.985794
101.600000	0.991274
101.700000	0.989804
101.800000	0.982081
101.900000	0.968885
102.000000	0.951057
102.100000	0.929475
102.200000	0.905033
102.300000	0.878617
